 

        
   
 
 
 
 
 
 
 
 
 
 
 
 
 
 
 
 
 
 
 
 
 
 
 
 
 
 
 
 
 
 
 
 
 
 
    

›im-'simi .1111-;,11.11111 1115

111-0011111111· 101115 01 1101· 105 00111111 Υ1110111111011. 110 1111111110 01001111111100
001011511υο suis 11111101111115 01, 501111110111115, 11111 5111105115 01 subsunt 1111-
pei-utorio magestati, 0151111 1101111 CC 111111011111·11111 111111 1111115511111 110
011111111111111111111111111115115... 111 111111115 1051111111 vol 00111111 11101. 5111111111
9111111111111111110111 11011110 11111 1111111111 111110111111111 ojus 11101111110111111111-
101111111110, 11110 1111011 10111115111 (1011011115 01 11011011111 1111 111511111 0011501-
111111111111111110 111010 1101110111111111111111 auxilium 011111010111, 01 111111101111-
11115 1101 exhibitionem 01 11111111011110110111 111050110. 11010111111111 appositio-
110111 vexillorum 01 1101111110011011111111111115 111111011111111115 01 111111111111111111115
depictorum 111 10111111010 ,1101111111 01 111011110111ἰ 111-111111111111 11111105110111111
110-010111511111111 1111101111111115 01 1101111115 001111111111111115110 1101 1111511011010
ponimus 01 1110 110511151111110111115, 011111. 01 sing. subditis 111011110111ἱ
111111111111111... 0111105511111 11110101111110111 01, 110011011111100110011011105 5111111111
vel 111111 01 511111105 11101. 11111115 1101110105 11151115 110111111115, 11051110115, 110-
00551011111115, 1101115 01 1011115 11011011111 01 111110011111... 1115101111111 1101011010
01 00101111111111511111101111115 110 511110 01111110 1110111011110; 111001111011110 111»
11110111111115 51111 1101111 11101110111 11101.. 11. 00111111 01 51115 gentibus, 111 1111-
11110105 01 1111111010105 01115110111 01151011105 1101105 0115101111111111 1110 Ι1115110111
111111151111111111,111111111011 ex 015 51111 1111110111111 01 11111111111111011 101111111111-
1011111 111 11110 111010 11. 10011111101101111 01 11011 1101· 01111110111,1115110111110 015-
110111». Quod inhibitum 01 111-0001110111 11111 1111110111 5011101, 5001111110.
10101001 01111111111111111111 01 1101· 001111 intervalla: 01 11111110111 111011 1111. 00-
111155111·11 01 0100111110105 00111115 11101. 10111115111111115, 110105111111111 01 11010-
111111111 111111111 11101. 110111110111111 1100101111115 01 1.·0111101011111115 1101 1115115
1105110111111 1111111 10011111 1101· 1111111111. 1110111111 11110 01111 111101 1111115 111-111115
01115110111 1101111115 111 1111011. 111111111 1111111011ιο 5011111115 1101 11101. ,10111111-
110111 Ι)10, 111001111011105 111111011151111 111111 51111111 1101111111050111111115 1111110111
1111 [10111110 111 111115 1111111110101115 0011101Ιο 111110111111 11101. 11. 0011111101 51115
ςο1111111151101111111, 11111111111 01 110111100111, 110 minorant-iam 111-0101111110
1111011111 110 015110111. De 1111111115... 110111, 011111 111151550111, 1111051111111 11101.
(1011111111111Βο51111111111 01 11011. .11·1111111111111 1101111151111, 11111111111111101111111
(1101111111111, 50011111 101111111105, 0115101105 111011 1101111115 0115 exiro wi 10-
11111 011111 015 110111101111150111111. Act-‘1 01 11111111011111 1110111111 1100 111110 1101·-
11110 111011101.; 105105 1110111111 11105011105 11110115 .11·111111111, 0115105 111011
1101111115, (11111101111115 Α1·011111511, 110 Casu-s· Nom 110 1101111110, ,101111111105
(1111110111, 1111111111101 1101111111, (1011111115 11051105 111110100111· 110 6111110115,
11011-115 Cuniculi 110 011115111, ,101111111ιο5 1110111111. 110 11111110 1101110110, 01
1111;111)1511.,1111., Antii. 01 111111... ff 11111101111110, 11101,1Ι111111111151105111-
110111 1111 101111151110110111 11101111. 11100111·111111·151111511 5001010 1101· 11101. ,111-
111111110111 Ι)10 1115011. 1111101111111111 1111111111. 111111111 001111111111, 0111115 101101·

